9 1 5 0 0 7 8 7 7 2 
8.31085 1.67197 4.99141 0.842105 0.842105 6.65113 7.48099 6.65113 6.65113 2.50183 
7.05166 2.91394 4.99139 2.39028 2.39028 6.02153 6.54519 6.02153 6.02153 3.42041 
5.44369 4.50463 4.99996 4.38939 4.38939 5.21323 5.34566 5.21323 5.21323 4.60266 
3.75915 6.17181 5.01711 6.49916 6.49916 4.36234 4.08658 4.36234 4.36234 5.84438 
2.2873 7.64337 5.0257 8.36231 8.36231 3.62205 2.98919 3.62205 3.62205 6.94147 
1.28339 8.66405 5.02575 9.65551 9.65551 3.11141 2.24066 3.11141 3.11141 7.70677 
0.917566 9.06374 5.01724 0.157575 0.157575 2.91546 1.96 2.91546 2.91546 8.00412 
1.24075 8.77438 5.00018 1.48483 1.48483 3.06824 2.19828 3.06824 3.06824 7.78246 
2.20194 7.84705 4.97452 3.41614 3.41614 3.55282 2.92153 3.55282 3.55282 7.09297 
3.63094 6.43481 4.9574 5.61111 5.61111 4.28411 3.99353 4.28411 4.28411 6.05477 
5.28959 4.77585 4.94881 7.69542 7.69542 5.14306 5.24425 5.14306 5.14306 4.83793 
6.90577 3.15946 4.94873 9.32894 9.32894 5.97648 6.45242 5.97648 5.97648 3.64659 
8.19011 1.85785 4.95714 0.222314 0.222314 6.64831 7.4139 6.64831 6.64831 2.68494 
8.93857 1.09219 4.97408 1.9238 1.9238 7.03941 7.95847 7.03941 7.03941 2.12317 
9.01497 0.998661 4.99957 4.14418 4.14418 7.0817 8.00114 7.0817 7.0817 2.04625 
8.40223 1.59428 5.03364 6.50916 6.50916 6.77526 7.52481 6.77526 6.77526 2.47124 
7.20244 2.77695 5.05919 8.61035 8.61035 6.17112 6.61457 6.17112 6.17112 3.33012 
5.61975 4.34248 5.07624 0.0904672 0.0904672 5.37136 5.42354 5.37136 5.37136 4.4697 
3.92641 6.0186 5.08483 2.41284 2.41284 4.51208 4.15591 4.51208 4.51208 5.70289 
2.41168 7.51601 5.08497 5.16901 5.16901 3.72931 3.0329 3.72931 3.72931 6.80839 
1.33074 8.5795 5.07667 7.89969 7.89969 3.15917 2.24164 3.15917 3.15917 7.59907 
0.87078 9.03905 5.0599 0.145562 0.145562 2.9038 1.91824 2.9038 2.9038 7.95597 
1.11693 8.80952 5.03464 3.2166 3.2166 2.99715 2.11372 2.99715 2.99715 7.81097 
2.01807 7.92488 5.00086 6.58532 6.58532 3.43935 2.79403 3.43935 3.43935 7.181 
3.42106 6.53829 4.95847 9.69039 9.69039 4.14526 3.85724 4.14526 4.14526 6.18529 
5.08772 4.88796 4.92462 2.00438 2.00438 4.99578 5.11611 4.99578 4.99578 4.99398 
6.74593 3.26321 4.89922 4.82021 4.82021 5.85488 6.34941 5.85488 5.85488 3.81125 
8.10639 1.93623 4.89943 7.6615 7.6615 6.56938 7.35302 6.56938 6.56938 2.82412 
8.93084 1.12816 4.92525 0.0519404 0.0519404 7.02019 7.9568 7.02019 7.02019 2.20274 
9.08321 0.97508 4.95953 3.28458 3.28458 7.12216 8.05869 7.12216 7.12216 2.04916 
8.54656 1.51111 5.00233 6.81502 6.81502 6.85828 7.64166 6.85828 6.85828 2.39749 
7.40592 2.63406 5.03655 0.0306396 0.0306396 6.27967 6.77375 6.27967 6.27967 3.19678 
5.84836 4.15681 5.06223 4.08842 4.08842 5.48842 5.60813 5.48842 5.48842 4.3109 
4.14617 5.82419 5.07943 8.3079 8.3079 4.62068 4.33185 4.62068 4.62068 5.53555 
2.5886 7.3469 5.08817 1.95734 1.95734 3.81244 3.16614 3.81244 3.81244 6.6666 
1.44793 8.46978 5.08847 6.12571 6.12571 3.1998 2.3152 3.1998 3.1998 7.51694 
0.911263 9.00572 5.08033 0.0983885 0.0983885 2.90199 1.91508 2.90199 2.90199 7.93337 
1.06359 8.85251 5.06374 4.91334 4.91334 2.9529 2.03383 2.9529 2.9529 7.84786 
1.88799 8.04427 5.03866 9.73673 9.73673 3.35259 2.65446 3.35259 3.35259 7.27745 
3.2484 6.71709 5.00505 3.75194 3.75194 4.03302 3.67492 4.03302 4.03302 6.32427 
4.90655 5.09212 4.96287 7.97982 7.97982 4.87505 4.92511 4.87505 4.87505 5.14136 
6.57313 3.45871 4.92921 1.70585 1.70585 5.74265 6.18377 5.74265 5.74265 3.93291 
7.97603 2.08903 4.90402 5.98475 5.98475 6.48263 7.24683 6.48263 6.48263 2.90309 
8.87707 1.22132 4.88726 0.102078 0.102078 6.97596 7.92707 6.97596 6.97596 2.22196 
9.12312 0.991597 4.89608 5.0445 5.0445 7.13756 8.10536 7.13756 7.13756 2.00867 
8.66304 1.45101 4.93051 9.97841 9.97841 6.93334 7.74762 6.93334 6.93334 2.29723 
7.58197 2.51441 4.9734 4.07017 4.07017 6.39733 6.92201 6.39733 6.39733 3.05375 
6.0671 3.9946 5.02485 8.32361 8.32361 5.6317 5.76457 5.6317 5.6317 4.14204 
4.37361 5.65351 5.06774 2.00703 2.00703 4.75545 4.47955 4.75545 4.75545 5.37494 
2.79076 7.20184 5.10216 6.19228 6.19228 3.92175 3.28816 3.92175 3.92175 6.54834 
1.59079 8.36727 5.11098 0.181954 0.181954 3.26665 2.39458 3.26665 3.26665 7.45802 
0.977873 8.96276 5.09421 4.99686 4.99686 2.90931 1.95194 2.90931 2.90931 7.95087 
1.05407 8.88623 5.069 9.82034 9.82034 2.9007 2.02824 2.9007 2.9007 7.9418 
1.80232 8.15471 5.03532 3.81861 3.81861 3.24078 2.60641 3.24078 3.24078 7.43082 
3.08643 6.88727 4.99311 8.01247 8.01247 3.8786 3.58433 3.8786 3.8786 6.50295 
4.70238 5.30513 4.95949 1.68735 1.68735 4.71212 4.80901 4.71212 4.71212 5.31129 
6.36078 3.66336 4.93438 5.93226 5.93226 5.58812 6.05915 5.58812 5.58812 4.06002 
7.78951 2.25131 4.91775 0.0155057 0.0155057 6.3706 7.13065 6.3706 6.3706 2.97039 
8.75043 1.30714 4.90958 4.94088 4.94088 6.92343 7.83632 6.92343 6.92343 2.22959 
9.07332 0.983911 4.90984 9.87475 9.87475 7.14444 8.05707 7.14444 7.14444 1.95663 
8.70718 1.3498 4.91855 3.98349 3.98349 6.99964 7.7589 6.99964 6.99964 2.20261 
7.70295 2.33671 4.9357 8.27093 8.27093 6.52316 6.99287 6.52316 6.52316 2.9164 
6.23075 3.77445 4.96134 2.00545 2.00545 5.78291 5.89514 5.78291 5.78291 3.97891 
4.54585 5.42492 4.9955 6.2418 6.2418 4.91511 4.65286 4.91511 4.91511 5.22012 
2.9375 6.99878 5.03825 0.265471 0.265471 4.05576 3.47014 4.05576 4.05576 6.41874 
1.67792 8.24095 5.07247 5.09733 5.09733 3.35806 2.55118 3.35806 3.35806 7.37061 
0.988349 8.93015 5.09822 9.92076 9.92076 2.94109 2.04905 2.94109 2.94109 7.92268 
0.987913 8.94727 5.11555 3.90195 3.90195 2.8729 2.04884 2.8729 2.8729 7.97279 
1.67661 8.29233 5.1073 8.06171 8.06171 3.17055 2.55053 3.17055 3.17055 7.52104 
2.93531 7.08451 5.07345 1.70255 1.70255 3.78299 3.46907 3.78299 3.78299 6.63537 
4.54278 5.52796 5.03114 5.89628 5.89628 4.60817 4.65136 4.60817 4.60817 5.46895 
6.2268 3.8778 4.98029 9.94546 9.94546 5.49282 5.8932 5.49282 5.49282 4.226 
7.69811 2.42334 4.938 3.15244 3.15244 6.30098 6.99049 6.30098 6.30098 3.11062 
8.71862 1.4027 4.90419 6.67419 6.67419 6.87937 7.75609 6.87937 6.87937 2.30992 
9.10106 0.985967 4.87881 9.91524 9.91524 7.14305 8.0538 7.14305 7.14305 1.96003 
8.77734 1.25836 4.87901 2.31405 2.31405 7.04092 7.8326 7.04092 7.04092 2.12908 
7.81564 2.1688 4.90477 5.16366 5.16366 6.58998 7.12647 6.58998 6.58998 2.78299 
6.36898 3.56417 4.93896 7.98778 7.98778 5.8754 6.05451 5.8754 5.8754 3.81977 
4.69267 5.20626 4.98164 0.310047 0.310047 5.01624 4.8039 5.01624 5.01624 5.05216 
3.07598 6.80574 5.03288 3.4234 3.4234 4.14852 3.57873 4.14852 4.14852 6.27605 
1.7911 8.09039 5.07559 6.80042 6.80042 3.42542 2.60032 3.42542 3.42542 7.2873 
1.05925 8.85618 5.10983 9.8626 9.8626 2.96599 2.02164 2.96599 2.96599 7.91581 
0.999471 8.96695 5.11848 2.09962 2.09962 2.85537 1.94483 2.85537 2.85537 8.04235 
1.62884 8.40569 5.10156 4.83864 4.83864 3.11056 2.38694 3.11056 3.11056 7.64994 
2.82814 7.25737 5.05903 7.60316 7.60316 3.68044 3.27998 3.68044 3.68044 6.80667 
4.3932 5.72625 5.00801 9.91673 9.91673 4.48007 4.47082 4.48007 4.48007 5.64857 
6.06893 4.06749 4.94842 1.38805 1.38805 5.37332 5.75527 5.37332 5.37332 4.37987 
7.56604 2.57039 4.89732 3.48044 3.48044 6.20706 6.91213 6.20706 6.20706 3.22181 
8.62933 1.49017 4.87183 5.83661 5.83661 6.82806 7.73714 6.82806 6.82806 2.36145 
9.07157 1.01401 4.8719 8.04813 8.04813 7.13426 8.09426 7.13426 7.13426 1.95198 
8.82478 1.20984 4.89753 9.74073 9.74073 7.07463 7.93252 7.07463 7.07463 2.06144 
7.92291 2.04363 4.94876 0.625141 0.625141 6.66625 7.26884 6.66625 6.66625 2.67283 
6.51908 3.37932 5.00849 2.24962 2.24962 5.97718 6.22237 5.97718 5.97718 3.68409 
4.85148 4.99578 5.05964 4.34198 4.34198 5.12652 4.96319 5.12652 5.12652 4.92509 
3.20941 6.62084 5.10231 6.54492 6.54492 4.2503 3.71253 4.2503 4.2503 6.17456 
1.86501 7.96511 5.11937 8.48414 8.48414 3.50168 2.67449 3.50168 3.50168 7.22841 
1.05657 8.8075 5.11086 9.83643 9.83643 2.99968 2.03632 2.99968 2.99968 7.89941 
0.920202 8.99477 5.07676 0.363522 0.363522 2.84656 1.90003 2.84656 2.84656 8.08559 
1.47284 8.51008 5.0342 1.68179 1.68179 3.05922 2.28258 3.05922 3.05922 7.75291 
2.62952 7.42131 4.9831 3.57007 3.57007 3.60368 3.13308 3.60368 3.60368 6.95236 
