12 16 6 9 6 12 14 10 9 12 8 8 13 11 7 6 7 12 9 11 10 13 10 10 13 6 8 8 10 10 8 11 15 14 9 12 8 8 10 19 13 5 11 9 10 9 8 13 9 16 12 8 7 8 10 7 9 4 10 13 7 10 6 15 9 8 13 7 12 4 7 11 14 10 10 9 9 14 8 10 10 4 9 14 10 11 7 11 9 3 17 13 10 5 8 12 10 14 15 14 
12 16 6 9 6 12 14 10 9 12 8 8 13 11 7 6 7 12 9 11 10 13 10 10 13 6 8 8 10 10 8 11 15 14 9 12 8 8 10 19 13 5 11 9 10 9 8 13 9 16 12 8 7 8 10 7 9 4 10 13 7 10 6 15 9 8 13 7 12 4 7 11 14 10 10 9 9 14 8 10 10 4 9 14 10 11 7 11 9 3 17 13 10 5 8 12 10 14 15 14 
12 16 6 9 6 12 14 10 9 12 8 8 13 11 7 6 7 12 9 11 10 13 10 10 13 6 8 8 10 10 8 11 15 14 9 12 8 8 10 19 13 5 11 9 10 9 8 13 9 16 12 8 7 8 10 7 9 4 10 13 7 10 6 15 9 8 13 7 12 4 7 11 14 10 10 9 9 14 8 10 10 4 9 14 10 11 7 11 9 3 17 13 10 5 8 12 10 14 15 14 
12 16 6 9 6 12 14 10 9 12 8 8 13 11 7 6 7 12 9 11 10 13 10 10 13 6 8 8 10 10 8 11 15 14 9 12 8 8 10 19 13 5 11 9 10 9 8 13 9 16 12 8 7 8 10 7 9 4 10 13 7 10 6 15 9 8 13 7 12 4 7 11 14 10 10 9 9 14 8 10 10 4 9 14 10 11 7 11 9 3 17 13 10 5 8 12 10 14 15 14 
12 16 6 9 6 12 14 10 9 12 8 8 13 11 7 6 7 12 9 11 10 13 10 10 13 6 8 8 10 10 8 11 15 14 9 12 8 8 10 19 13 5 11 9 10 9 8 13 9 16 12 8 7 8 10 7 9 4 10 13 7 10 6 15 9 8 13 7 12 4 7 11 14 10 10 9 9 14 8 10 10 4 9 14 10 11 7 11 9 3 17 13 10 5 8 12 10 14 15 14 
12 16 6 9 6 12 14 10 9 12 8 8 13 11 7 6 7 12 9 11 10 13 10 10 13 6 8 8 10 10 8 11 15 14 9 12 8 8 10 19 13 5 11 9 10 9 8 13 9 16 12 8 7 8 10 7 9 4 10 13 7 10 6 15 9 8 13 7 12 4 7 11 14 10 10 9 9 14 8 10 10 4 9 14 10 11 7 11 9 3 17 13 10 5 8 12 10 14 15 14 
12 16 6 9 6 12 14 10 9 12 8 8 13 11 7 6 7 12 9 11 10 13 10 10 13 6 8 8 10 10 8 11 15 14 9 12 8 8 10 19 13 5 11 9 10 9 8 13 9 16 12 8 7 8 10 7 9 4 10 13 7 10 6 15 9 8 13 7 12 4 7 11 14 10 10 9 9 14 8 10 10 4 9 14 10 11 7 11 9 3 17 13 10 5 8 12 10 14 15 14 
12 16 6 9 6 12 14 10 9 12 8 8 13 11 7 6 7 12 9 11 10 13 10 10 13 6 8 8 10 10 8 11 15 14 9 12 8 8 10 19 13 5 11 9 10 9 8 13 9 16 12 8 7 8 10 7 9 4 10 13 7 10 6 15 9 8 13 7 12 4 7 11 14 10 10 9 9 14 8 10 10 4 9 14 10 11 7 11 9 3 17 13 10 5 8 12 10 14 15 14 
12 16 6 9 6 12 14 10 9 12 8 8 13 11 7 6 7 12 9 11 10 13 10 10 13 6 8 8 10 10 8 11 15 14 9 12 8 8 10 19 13 5 11 9 10 9 8 13 9 16 12 8 7 8 10 7 9 4 10 13 7 10 6 15 9 8 13 7 12 4 7 11 14 10 10 9 9 14 8 10 10 4 9 14 10 11 7 11 9 3 17 13 10 5 8 12 10 14 15 14 
12 16 6 9 6 12 14 10 9 12 8 8 13 11 7 6 7 12 9 11 10 13 10 10 13 6 8 8 10 10 8 11 15 14 9 12 8 8 10 19 13 5 11 9 10 9 8 13 9 16 12 8 7 8 10 7 9 4 10 13 7 10 6 15 9 8 13 7 12 4 7 11 14 10 10 9 9 14 8 10 10 4 9 14 10 11 7 11 9 3 17 13 10 5 8 12 10 14 15 14 
12 16 6 9 6 12 14 10 9 12 8 8 13 11 7 6 7 12 9 11 10 13 10 10 13 6 8 8 10 10 8 11 15 14 9 12 8 8 10 19 13 5 11 9 10 9 8 13 9 16 12 8 7 8 10 7 9 4 10 13 7 10 6 15 9 8 13 7 12 4 7 11 14 10 10 9 9 14 8 10 10 4 9 14 10 11 7 11 9 3 17 13 10 5 8 12 10 14 15 14 
12 16 6 9 6 12 14 10 9 12 8 8 13 11 7 6 7 12 9 11 10 13 10 10 13 6 8 8 10 10 8 11 15 14 9 12 8 8 10 19 13 5 11 9 10 9 8 13 9 16 12 8 7 8 10 7 9 4 10 13 7 10 6 15 9 8 13 7 12 4 7 11 14 10 10 9 9 14 8 10 10 4 9 14 10 11 7 11 9 3 17 13 10 5 8 12 10 14 15 14 
12 16 6 9 6 12 14 10 9 12 8 8 13 11 7 6 7 12 9 11 10 13 10 10 13 6 8 8 10 10 8 11 15 14 9 12 8 8 10 19 13 5 11 9 10 9 8 13 9 16 12 8 7 8 10 7 9 4 10 13 7 10 6 15 9 8 13 7 12 4 7 11 14 10 10 9 9 14 8 10 10 4 9 14 10 11 7 11 9 3 17 13 10 5 8 12 10 14 15 14 
12 16 6 9 6 12 14 10 9 12 8 8 13 11 7 6 7 12 9 11 10 13 10 10 13 6 8 8 10 10 8 11 15 14 9 12 8 8 10 19 13 5 11 9 10 9 8 13 9 16 12 8 7 8 10 7 9 4 10 13 7 10 6 15 9 8 13 7 12 4 7 11 14 10 10 9 9 14 8 10 10 4 9 14 10 11 7 11 9 3 17 13 10 5 8 12 10 14 15 14 
12 16 6 9 6 12 14 10 9 12 8 8 13 11 7 6 7 12 9 11 10 13 10 10 13 6 8 8 10 10 8 11 15 14 9 12 8 8 10 19 13 5 11 9 10 9 8 13 9 16 12 8 7 8 10 7 9 4 10 13 7 10 6 15 9 8 13 7 12 4 7 11 14 10 10 9 9 14 8 10 10 4 9 14 10 11 7 11 9 3 17 13 10 5 8 12 10 14 15 14 
12 16 6 9 6 12 14 10 9 12 8 8 13 11 7 6 7 12 9 11 10 13 10 10 13 6 8 8 10 10 8 11 15 14 9 12 8 8 10 19 13 5 11 9 10 9 8 13 9 16 12 8 7 8 10 7 9 4 10 13 7 10 6 15 9 8 13 7 12 4 7 11 14 10 10 9 9 14 8 10 10 4 9 14 10 11 7 11 9 3 17 13 10 5 8 12 10 14 15 14 
12 16 6 9 6 12 14 10 9 12 8 8 13 11 7 6 7 12 9 11 10 13 10 10 13 6 8 8 10 10 8 11 15 14 9 12 8 8 10 19 13 5 11 9 10 9 8 13 9 16 12 8 7 8 10 7 9 4 10 13 7 10 6 15 9 8 13 7 12 4 7 11 14 10 10 9 9 14 8 10 10 4 9 14 10 11 7 11 9 3 17 13 10 5 8 12 10 14 15 14 
12 16 6 9 6 12 14 10 9 12 8 8 13 11 7 6 7 12 9 11 10 13 10 10 13 6 8 8 10 10 8 11 15 14 9 12 8 8 10 19 13 5 11 9 10 9 8 13 9 16 12 8 7 8 10 7 9 4 10 13 7 10 6 15 9 8 13 7 12 4 7 10 15 10 10 9 8 15 8 10 10 4 9 14 10 11 7 11 9 3 17 13 10 5 8 12 10 14 15 14 
12 16 6 9 6 12 14 10 9 12 8 8 13 11 7 6 7 12 9 11 10 13 10 10 13 6 8 8 10 10 8 11 15 14 9 12 8 8 10 19 13 5 11 9 10 9 8 13 9 16 12 8 7 8 10 7 9 4 10 13 7 10 6 15 9 8 13 7 12 4 7 10 15 10 10 9 8 15 8 10 10 4 9 14 10 11 7 11 9 3 17 13 10 5 8 12 10 13 16 14 
12 16 6 9 6 12 14 10 9 12 8 8 13 11 7 6 7 12 9 11 10 13 10 10 13 6 8 8 10 10 8 11 15 14 9 12 8 8 10 19 13 5 11 9 10 9 8 13 9 16 12 8 7 8 10 7 9 4 10 13 7 10 6 15 9 8 13 7 12 4 7 10 15 10 10 9 8 15 8 10 10 4 9 14 10 11 7 11 9 3 17 13 10 5 8 12 10 12 17 14 
12 16 6 9 6 12 14 10 9 12 8 8 13 11 7 6 7 12 9 11 10 13 10 10 13 6 8 8 10 10 8 11 15 14 9 12 8 8 10 19 13 5 11 9 10 9 8 13 9 16 12 8 7 8 10 7 9 4 10 13 7 10 6 15 9 8 13 7 12 4 7 10 15 10 10 9 8 15 8 10 10 4 9 14 10 11 7 11 9 3 17 13 10 5 8 12 10 12 17 14 
12 16 6 9 6 12 14 10 9 12 8 8 13 11 7 6 7 12 9 11 10 13 10 10 13 6 8 8 10 10 8 11 15 14 9 12 8 8 10 19 13 5 11 9 10 9 8 13 9 16 12 8 7 8 10 7 9 4 10 13 7 10 6 15 9 8 13 7 12 4 7 10 15 10 10 9 8 15 8 10 10 4 9 14 10 11 7 11 9 3 17 13 10 5 8 12 10 12 17 14 
12 16 6 9 6 12 14 10 9 12 8 8 13 11 7 6 7 12 9 12 9 13 10 10 13 6 8 8 10 10 8 11 15 14 9 12 8 8 10 19 13 5 11 9 10 9 8 13 9 16 12 8 7 8 10 7 9 4 10 13 7 10 6 15 9 8 13 7 12 4 7 10 15 10 10 9 8 15 8 10 10 4 9 14 10 11 7 11 9 3 17 13 10 5 8 12 10 12 17 14 
12 16 6 9 6 12 14 10 9 12 8 8 13 11 7 6 7 12 9 12 9 13 10 10 13 6 8 8 10 10 8 11 15 14 9 12 8 8 10 19 13 5 11 9 10 9 8 13 9 16 12 8 7 8 10 7 9 4 10 13 7 10 6 15 9 8 13 7 12 4 7 10 15 10 9 10 8 15 8 10 10 4 9 14 10 11 7 11 9 3 17 13 10 5 8 12 10 12 16 15 
12 16 6 9 6 12 14 10 9 12 8 8 13 11 7 6 7 12 9 12 9 13 10 10 13 6 8 8 10 10 8 11 15 14 9 12 8 8 10 19 13 5 11 9 10 9 8 13 9 16 12 8 7 8 10 7 9 4 10 13 7 10 6 15 9 8 13 7 12 4 7 10 15 10 9 10 8 15 8 10 10 4 9 14 10 11 7 11 9 3 17 13 10 5 8 12 10 12 16 15 
12 16 6 9 6 12 14 10 9 12 8 8 13 11 7 6 7 12 9 12 9 13 10 11 12 6 8 8 10 10 8 11 15 14 9 12 8 8 10 19 13 5 11 9 10 9 8 13 9 16 12 8 7 8 10 7 9 4 10 13 7 10 6 15 9 8 13 7 12 4 7 10 15 10 9 10 8 15 8 10 10 4 9 14 10 11 7 11 9 3 17 13 10 5 8 12 10 12 16 15 
12 16 6 9 6 12 14 10 9 12 8 8 13 11 7 6 7 12 9 12 9 13 10 11 12 6 8 8 10 10 8 11 15 14 9 12 8 8 10 19 13 5 11 9 10 9 8 13 9 16 12 8 7 8 10 7 9 4 10 13 7 10 6 15 9 8 13 7 12 4 7 10 15 10 9 10 8 15 8 10 10 4 9 14 10 11 7 11 9 3 17 13 10 5 8 12 10 12 16 15 
12 16 6 9 6 12 14 10 9 12 8 8 13 11 7 6 7 12 9 12 9 13 10 11 12 6 8 8 10 10 8 11 15 14 9 12 8 8 10 19 13 5 11 9 10 9 8 13 9 16 12 8 7 8 10 7 9 4 10 13 7 10 6 15 9 8 13 7 12 4 7 10 15 10 9 10 8 15 8 10 10 4 9 14 10 11 7 11 9 3 17 13 10 5 8 12 9 13 16 15 
12 16 6 9 6 12 14 10 9 12 8 8 13 11 7 6 7 12 9 12 9 13 10 11 12 6 8 8 10 10 8 11 15 14 9 12 8 8 10 19 13 5 11 9 10 9 8 13 9 16 12 8 7 8 10 7 9 4 10 13 7 10 6 15 9 8 13 7 12 4 7 10 15 10 9 10 8 15 8 10 10 4 9 14 10 11 7 11 9 3 17 13 10 5 8 12 9 13 16 15 
12 16 6 9 6 12 14 10 9 12 8 8 13 12 6 6 7 12 9 12 9 13 10 11 12 6 8 8 10 10 8 11 15 14 9 12 8 8 10 19 13 5 11 9 10 9 8 13 9 16 12 8 7 8 10 7 9 4 10 13 7 10 6 15 9 8 13 7 12 4 7 10 15 10 9 9 9 15 8 10 10 4 9 14 10 11 7 11 9 3 17 13 10 5 8 12 9 13 16 15 
12 16 6 9 6 12 14 10 9 12 8 8 13 12 6 6 7 12 9 12 9 13 10 11 12 6 8 8 10 10 8 11 15 14 9 12 8 8 10 19 13 5 11 9 10 9 8 13 9 16 12 8 7 8 10 7 9 4 10 13 7 10 6 15 9 8 13 7 12 4 7 10 15 10 9 9 9 15 8 10 10 4 9 14 10 11 7 11 9 3 17 13 10 5 8 12 9 13 16 15 
12 16 6 9 6 12 14 10 9 12 8 8 13 12 6 6 7 12 9 12 9 13 10 11 12 6 8 8 10 10 8 11 15 14 9 12 8 8 10 19 13 5 11 9 10 9 8 13 9 16 12 8 7 8 10 7 9 4 10 13 7 10 6 15 9 8 13 7 12 4 7 10 15 10 9 9 9 15 8 10 10 4 9 14 10 11 7 11 9 3 17 13 10 5 8 12 9 13 16 15 
12 16 6 9 6 12 14 10 9 12 8 8 13 12 6 6 8 11 9 12 9 13 10 11 12 6 8 8 10 10 8 11 15 14 9 12 8 8 10 19 13 5 11 9 10 9 8 13 9 16 12 8 7 8 10 7 9 4 10 13 7 10 6 15 9 8 13 7 12 4 7 10 15 10 9 9 9 15 8 10 10 4 9 14 10 11 7 11 9 3 17 13 10 5 8 12 9 13 16 15 
12 16 6 9 6 12 14 10 9 12 8 9 12 12 6 6 8 11 10 11 9 13 10 11 12 6 8 8 10 10 8 11 15 14 9 12 8 8 10 19 13 5 11 9 10 9 8 13 9 16 12 8 7 8 10 7 9 4 10 13 7 10 6 15 9 8 13 7 12 4 7 10 15 10 9 9 9 15 8 10 10 4 9 14 10 11 7 11 9 3 17 13 10 5 8 12 9 13 16 15 
12 16 6 9 6 12 14 10 9 12 8 9 12 12 6 6 8 11 10 11 9 13 10 11 12 6 8 8 10 10 8 11 15 14 9 12 8 8 10 19 13 5 11 9 10 9 8 13 9 16 12 8 7 8 10 7 9 4 10 13 7 10 6 15 9 8 13 7 12 4 7 10 15 10 9 9 9 15 8 10 10 4 9 14 10 11 7 11 9 3 17 13 10 5 8 12 9 13 16 15 
12 16 6 9 6 12 14 10 9 12 8 9 12 12 6 6 8 11 10 11 9 13 11 10 12 6 8 8 10 10 8 11 15 14 9 12 8 8 10 19 13 5 11 9 10 9 8 13 9 16 12 8 7 8 10 7 9 4 10 13 7 10 6 15 9 8 13 7 12 4 7 10 15 10 9 9 9 15 8 10 10 4 9 14 10 11 7 11 9 3 17 13 10 5 8 12 9 13 16 15 
12 16 6 9 6 12 14 10 9 12 8 9 12 12 6 6 8 11 10 11 9 13 11 10 12 6 8 8 10 10 8 11 15 14 9 12 8 8 10 19 13 5 11 9 10 9 8 13 9 16 12 8 7 8 10 7 9 4 10 13 7 10 6 15 9 8 13 7 12 4 7 10 15 10 9 9 9 15 8 10 10 4 9 14 10 11 7 11 9 3 17 13 10 5 8 12 9 13 16 15 
12 16 6 9 6 12 14 10 9 12 8 9 12 12 6 6 8 11 10 11 9 13 11 10 12 6 8 8 10 10 8 11 15 14 9 12 8 8 10 19 13 5 11 9 10 9 8 13 9 16 12 8 7 8 10 7 9 4 10 13 7 10 6 15 9 8 13 7 12 4 7 10 15 10 9 9 9 15 8 10 10 4 9 14 10 11 7 11 9 3 17 13 10 5 7 13 9 13 16 15 
12 16 6 9 6 12 14 10 9 12 8 9 12 12 6 6 8 11 10 11 9 13 11 10 12 6 8 8 10 10 8 11 15 14 9 12 8 8 10 19 13 5 11 9 10 9 8 13 9 16 12 8 7 8 10 7 9 4 10 13 7 10 6 15 9 8 13 7 12 4 7 10 15 10 9 9 9 15 8 10 10 4 9 14 10 11 7 11 9 3 17 13 10 5 7 13 9 13 16 15 
12 16 6 9 6 12 14 10 9 12 8 9 12 12 6 6 8 11 10 11 9 13 11 10 12 6 8 8 10 10 8 11 15 14 9 12 8 8 10 19 13 5 11 9 10 9 8 13 9 16 12 8 7 8 10 7 9 4 10 13 7 10 6 15 9 8 13 7 12 4 7 10 15 10 9 9 9 15 8 10 10 4 9 14 10 11 7 11 9 3 17 13 10 5 7 13 9 13 16 15 
12 16 6 9 6 12 14 10 9 12 8 9 12 12 6 6 8 11 10 11 10 12 11 10 12 6 8 8 10 10 8 11 15 14 9 12 8 8 10 19 13 5 11 9 10 9 8 13 9 16 12 8 7 8 10 7 9 4 10 13 7 10 6 15 9 8 13 7 12 4 7 10 15 10 9 9 9 15 8 10 10 4 9 14 10 11 7 11 9 3 17 13 10 5 7 13 9 13 16 15 
12 16 6 9 6 12 14 10 9 12 8 9 12 12 6 6 8 11 10 11 10 12 11 10 12 6 8 8 10 10 8 11 15 14 9 12 8 8 10 19 13 5 11 9 11 8 8 13 9 16 12 8 7 8 10 7 9 4 10 13 7 10 6 15 9 8 13 7 12 4 7 10 15 10 9 9 9 15 8 10 10 4 9 14 10 11 7 11 9 3 17 13 10 5 7 13 9 13 16 15 
12 16 6 9 6 12 14 10 9 12 8 9 12 12 6 6 8 11 10 11 10 12 11 10 12 6 8 8 10 10 8 11 15 14 9 12 8 8 10 19 13 5 11 9 11 8 8 13 9 16 12 8 7 8 10 7 9 4 10 13 7 10 6 15 9 8 13 7 12 4 7 10 15 10 9 9 9 15 8 10 10 4 9 14 10 11 7 11 9 3 17 13 10 5 7 13 9 13 16 15 
12 16 6 9 6 12 14 10 9 12 8 9 12 12 6 6 8 11 10 11 10 12 11 10 12 6 8 8 10 10 9 10 15 14 9 12 8 8 10 20 12 5 11 9 11 9 7 13 9 16 12 8 7 8 10 7 9 4 10 13 7 10 6 15 9 8 13 7 12 4 7 10 15 10 9 9 9 15 8 10 9 5 9 14 10 11 7 11 9 3 17 13 10 5 7 13 9 13 16 15 
12 16 6 9 6 12 14 10 9 12 8 9 12 12 6 6 8 11 10 11 10 12 11 10 12 6 8 8 10 10 9 10 15 14 9 12 8 8 10 20 12 5 11 9 11 9 7 13 9 16 12 8 7 8 10 7 9 4 10 13 7 10 6 15 9 8 13 7 12 4 7 10 15 10 9 9 9 15 8 10 9 5 9 14 10 11 7 11 9 3 17 13 10 5 7 13 9 13 16 15 
12 16 6 9 6 12 14 10 9 12 8 9 12 12 6 6 8 11 10 11 10 12 11 10 12 6 8 8 10 10 9 10 15 14 9 12 8 8 10 20 12 5 11 9 11 9 7 13 9 16 12 8 7 8 10 7 9 4 10 13 7 10 6 15 9 8 13 7 12 4 7 10 15 10 9 9 9 13 10 10 9 5 9 14 10 11 7 11 9 3 17 13 10 5 7 13 9 13 16 15 
12 16 6 9 6 12 14 10 9 12 8 10 11 12 6 6 9 10 10 11 10 12 11 10 12 6 8 8 10 10 9 10 15 14 9 12 8 8 10 20 12 5 11 9 11 9 7 13 9 16 12 8 7 8 10 7 9 4 10 13 7 10 6 15 9 8 13 7 12 4 7 10 15 10 9 9 9 13 10 10 9 5 9 14 10 11 7 11 9 3 17 13 10 5 7 13 9 13 16 15 
12 16 6 10 5 12 14 10 9 12 8 10 11 12 6 6 9 10 10 11 11 11 11 10 12 6 8 8 10 10 9 10 15 14 9 12 8 8 10 20 12 5 11 9 11 9 7 13 9 16 12 8 7 8 10 7 9 4 10 13 7 10 6 15 9 8 13 6 13 4 7 10 15 10 9 9 9 13 10 10 9 5 9 14 10 11 7 11 9 3 17 13 10 5 7 13 9 13 16 15 
12 16 6 10 5 12 14 10 9 12 8 10 11 12 6 6 9 10 10 11 11 11 11 10 12 6 8 8 10 10 9 10 15 14 9 12 8 8 10 20 12 5 11 9 11 9 7 13 9 16 12 8 7 8 10 7 9 4 10 13 7 10 6 15 9 8 13 6 12 5 7 10 15 10 9 9 9 13 10 10 9 5 9 14 10 11 7 11 9 3 17 13 10 5 7 13 9 13 16 15 
12 16 6 10 5 12 14 10 9 12 8 10 11 12 6 6 9 10 10 11 11 11 11 10 12 6 8 8 10 10 9 10 15 14 9 12 8 8 10 20 12 5 11 9 11 9 7 13 9 16 12 8 7 8 10 7 9 4 10 13 7 10 6 15 9 8 13 6 12 5 7 10 15 10 9 9 9 12 11 10 9 5 9 14 10 11 7 11 9 3 17 13 10 5 7 13 9 13 16 15 
12 16 6 10 5 12 14 10 9 12 8 10 11 12 6 6 9 10 10 11 11 11 11 10 12 6 8 8 10 10 9 10 15 14 9 12 8 8 10 20 12 5 11 9 11 9 7 13 9 16 12 8 7 8 10 7 9 4 10 13 7 10 6 15 9 8 13 6 12 5 7 10 15 10 9 9 9 12 11 9 10 5 9 14 10 11 7 11 9 3 17 13 10 5 7 13 9 13 16 15 
12 16 6 10 5 12 14 10 9 12 8 10 11 12 6 6 9 10 10 11 11 11 11 10 12 6 8 8 10 10 9 10 15 14 9 12 8 8 10 20 12 5 11 9 11 9 7 13 9 16 12 8 7 8 10 7 9 4 10 13 7 10 6 15 9 8 13 6 12 5 7 10 15 10 9 9 9 12 11 9 10 5 9 14 10 11 7 11 9 3 17 12 11 5 7 13 9 13 16 15 
12 16 6 10 5 12 14 10 10 11 8 10 11 12 6 6 9 10 10 11 11 11 11 10 12 6 8 8 10 10 9 10 15 14 9 12 8 8 10 20 12 5 11 9 11 9 7 13 9 16 12 8 7 8 10 7 9 4 10 13 7 10 6 15 9 8 13 6 12 5 7 10 15 10 9 9 9 12 11 9 10 5 9 14 10 11 7 11 9 3 17 12 11 5 7 13 9 13 16 15 
12 16 6 10 5 12 14 10 10 11 8 10 11 12 6 6 9 10 10 11 11 11 11 10 12 6 8 8 10 10 9 10 15 14 9 12 8 8 10 20 12 5 11 9 11 9 7 13 9 16 12 8 7 8 10 7 9 4 10 13 7 10 6 15 9 8 13 6 12 5 7 10 15 10 9 9 9 12 11 9 10 5 9 14 10 11 7 11 9 3 17 12 11 5 7 13 9 13 16 15 
12 16 6 10 5 12 14 10 10 11 8 10 11 12 6 6 9 10 10 11 11 11 11 10 12 6 8 8 10 10 9 10 15 14 9 12 8 8 10 20 12 5 11 9 11 9 7 13 9 16 12 8 7 8 10 7 9 4 10 13 7 10 6 15 9 8 13 6 12 5 7 10 15 10 9 9 9 12 11 9 10 5 9 14 10 11 7 11 9 3 17 12 11 5 7 13 9 13 16 15 
12 16 6 10 6 11 14 10 10 11 8 10 11 12 6 6 9 10 10 11 11 11 11 10 12 6 8 8 10 10 9 10 15 15 8 12 8 8 10 20 12 5 11 9 11 9 7 13 9 16 12 8 7 8 10 7 9 4 10 13 7 10 6 15 9 8 13 6 12 5 7 10 15 10 9 9 9 12 11 9 10 5 9 14 10 11 7 11 9 2 18 12 11 5 7 13 9 13 16 15 
12 16 6 10 6 11 14 10 10 11 8 10 11 12 6 6 9 10 10 11 11 11 11 10 12 6 8 8 10 10 9 10 15 15 8 12 9 7 10 20 12 5 11 9 11 9 7 13 9 16 12 8 7 8 10 7 9 4 10 13 7 10 6 15 9 8 13 6 12 5 7 10 15 10 9 9 9 12 11 9 10 5 9 14 10 11 6 12 9 2 18 11 12 5 6 14 9 13 16 15 
12 16 6 10 6 11 14 10 10 11 8 10 11 12 6 6 9 10 10 11 11 11 11 10 12 6 8 8 10 10 9 10 15 15 8 12 9 7 10 20 12 5 11 9 11 9 7 13 9 16 12 8 7 8 10 7 9 4 10 13 7 10 6 15 8 9 13 6 12 5 7 10 15 10 9 9 9 12 11 9 10 5 9 14 10 11 6 12 9 2 18 11 12 5 6 14 9 13 16 15 
12 16 6 10 6 11 14 10 10 11 8 10 11 12 6 6 9 10 10 11 11 11 11 10 12 6 8 8 10 10 9 10 15 15 8 12 9 7 10 20 12 5 11 9 11 9 7 13 9 16 12 8 7 8 10 7 9 4 10 13 7 10 6 15 8 9 13 6 12 5 7 10 15 10 9 9 9 12 11 9 10 5 9 14 10 11 6 12 9 2 17 12 12 5 6 14 9 13 16 15 
12 16 6 10 6 11 14 10 10 11 8 10 11 12 6 6 9 10 10 11 11 11 11 10 12 6 8 8 10 10 9 10 15 15 8 12 9 7 10 20 12 5 11 9 11 9 7 13 9 16 12 8 7 8 10 7 9 4 10 13 7 10 6 15 8 9 13 6 12 5 7 10 15 10 9 9 9 12 11 9 10 5 9 14 10 11 6 12 9 2 17 12 12 5 6 14 9 13 16 15 
12 16 6 10 6 11 14 10 10 11 8 10 11 12 6 6 9 10 10 11 11 11 11 10 12 6 8 8 10 10 9 10 15 15 8 12 9 7 10 20 12 5 11 9 11 9 7 13 9 16 12 8 7 8 10 7 9 4 10 13 7 10 6 15 8 9 13 6 12 5 7 10 15 10 9 9 9 12 11 9 10 5 9 14 10 11 6 12 9 2 17 12 12 5 6 13 10 13 16 15 
12 16 6 10 6 11 14 11 9 11 8 11 10 12 6 6 9 10 10 11 11 11 11 10 12 6 8 8 10 10 9 10 15 15 8 12 9 7 10 20 12 5 11 9 11 9 7 13 9 16 12 8 7 8 10 7 9 4 10 13 7 10 6 15 8 9 13 6 12 5 7 10 15 10 9 9 9 12 11 9 10 5 9 14 10 11 6 12 9 2 17 12 12 5 6 13 10 13 16 15 
12 16 6 10 6 11 14 11 9 11 8 11 10 12 6 6 9 10 10 11 11 11 11 10 12 6 8 8 10 10 9 10 15 15 8 12 9 7 10 20 12 5 11 9 11 9 7 13 9 16 12 8 7 8 10 7 9 4 10 13 7 10 6 14 9 9 13 6 12 5 7 10 15 10 9 9 9 12 11 9 10 5 9 14 10 11 6 12 9 2 17 12 12 5 6 13 10 13 16 15 
12 16 6 10 6 11 14 11 9 12 7 11 10 12 6 6 9 10 10 11 11 11 11 10 12 6 8 8 10 10 9 10 15 15 8 12 9 7 10 20 12 5 11 9 11 9 7 13 9 16 12 8 7 8 10 7 9 4 10 13 7 10 6 14 9 9 13 6 12 5 7 10 15 10 9 9 9 12 11 9 10 5 9 14 10 11 6 12 9 2 17 12 12 5 6 13 10 13 16 15 
12 16 6 10 6 11 14 11 9 12 7 11 10 12 6 6 9 10 10 11 11 11 11 10 12 6 9 7 10 10 9 10 15 15 8 12 9 7 10 20 12 5 11 9 11 9 7 13 9 16 12 8 7 8 10 7 9 4 10 13 7 10 6 14 9 9 13 6 12 5 7 10 15 10 9 8 10 12 11 9 10 5 9 14 10 11 6 12 9 2 17 12 12 5 6 13 10 13 16 15 
12 16 6 10 6 11 14 11 9 12 7 11 10 12 6 6 9 10 10 11 11 11 11 10 12 6 9 7 10 10 9 10 15 15 8 12 9 7 10 20 12 5 11 9 11 9 7 13 9 16 12 8 7 8 10 7 9 4 10 13 7 10 6 14 9 9 13 6 12 5 7 10 15 10 9 8 10 12 11 9 10 5 9 14 10 11 6 12 9 2 17 12 12 5 6 13 10 13 16 15 
12 16 6 10 6 11 14 11 9 12 7 11 10 12 6 6 9 10 10 11 11 11 11 10 12 6 9 7 10 10 9 10 15 15 8 12 9 7 10 20 12 5 11 9 11 9 7 13 9 16 12 8 7 8 10 7 9 4 10 13 7 10 6 14 9 9 13 6 12 5 7 10 15 10 9 8 10 12 11 9 10 5 9 14 10 11 6 12 9 2 17 12 12 5 6 13 10 13 16 15 
13 15 6 10 6 11 14 11 9 12 7 11 10 12 6 6 9 10 10 11 11 11 11 10 12 6 9 7 10 10 9 10 15 15 8 12 9 7 10 20 12 5 11 9 11 9 7 13 9 16 12 8 7 8 10 7 9 4 10 13 7 10 6 14 9 9 13 6 12 5 7 10 15 10 9 8 10 12 11 9 10 5 9 14 10 11 6 12 9 2 17 11 13 5 6 13 10 13 16 15 
13 15 6 10 6 11 14 11 9 12 7 11 11 11 6 6 9 11 9 11 11 11 11 10 12 6 9 7 10 10 9 10 15 15 8 12 9 7 10 20 12 5 11 9 11 9 7 13 9 16 12 8 7 8 10 7 9 4 10 13 7 10 6 14 9 9 13 6 12 5 7 10 14 11 9 8 10 12 11 9 10 5 9 14 10 11 6 12 9 2 17 11 13 5 6 13 10 13 16 15 
13 15 6 10 6 11 14 11 9 12 7 11 11 11 6 6 9 11 9 11 11 11 11 10 12 6 9 7 10 10 9 10 15 15 8 12 9 7 10 20 12 5 11 9 11 9 7 13 9 16 12 8 7 8 10 7 9 4 10 13 7 10 6 14 9 9 13 6 12 5 7 10 14 11 9 8 10 12 11 9 10 5 9 14 10 11 6 12 9 2 17 11 13 5 6 13 10 13 16 15 
13 15 6 10 6 11 14 11 9 12 7 12 10 11 6 6 9 11 9 11 11 11 11 10 12 6 9 7 10 10 9 10 15 15 8 12 9 7 10 20 12 5 11 9 11 9 7 13 9 16 12 8 7 8 10 7 9 4 10 13 7 10 6 14 9 9 13 6 12 5 7 10 14 11 9 8 10 12 11 9 10 5 9 14 10 11 6 12 9 2 17 11 13 5 6 13 10 13 16 15 
13 15 6 10 6 11 14 11 9 12 7 12 10 11 6 6 9 11 9 11 11 11 12 9 12 6 9 7 10 10 9 10 15 15 8 12 9 7 10 20 12 5 11 9 11 9 7 13 9 16 12 8 7 8 10 7 9 4 10 13 7 10 6 14 9 9 13 6 12 5 7 10 14 11 9 8 10 12 11 9 10 5 9 14 10 11 6 12 9 2 17 11 13 5 5 14 10 13 16 15 
14 14 6 10 6 11 14 11 9 12 7 12 10 11 6 6 9 11 9 11 11 11 12 9 12 6 9 7 10 10 9 10 15 15 8 12 9 7 10 20 12 5 11 9 11 9 7 13 9 16 12 8 7 8 10 7 9 4 10 13 7 10 6 14 9 9 13 6 12 5 7 10 14 11 9 8 10 12 11 9 10 5 9 14 10 11 6 12 9 2 17 11 13 5 5 14 9 14 16 15 
14 14 6 10 6 11 14 11 9 12 7 12 10 11 6 6 9 11 9 11 11 11 12 9 12 6 9 7 10 10 9 10 15 15 8 12 9 7 10 20 12 5 11 9 11 9 7 13 9 16 12 8 7 8 10 7 9 4 10 13 7 10 6 14 9 9 13 6 12 5 7 10 14 11 9 8 10 12 11 9 10 5 9 14 10 11 6 12 9 2 17 11 13 5 5 14 9 14 16 15 
14 14 6 10 6 11 14 12 8 12 7 12 10 11 6 6 9 12 8 11 11 11 12 10 11 6 9 7 10 10 9 10 15 15 8 12 9 7 10 20 12 5 11 9 11 9 7 13 9 16 12 8 7 8 10 7 9 4 10 13 7 10 6 14 9 8 14 6 12 5 7 10 14 11 9 8 10 12 11 9 10 5 9 14 10 11 6 12 9 2 16 12 13 5 5 14 9 14 16 15 
14 14 6 10 6 11 14 12 8 12 7 12 10 11 6 6 9 12 8 11 11 11 12 10 11 6 9 7 10 10 10 9 15 15 8 12 9 7 10 20 12 6 10 9 11 9 7 13 9 16 12 8 7 8 10 7 9 4 10 13 7 10 6 14 9 8 14 6 12 5 7 10 14 11 9 8 10 12 11 9 10 5 9 14 10 11 6 12 9 2 16 12 13 5 5 14 9 14 16 15 
14 14 6 10 7 10 14 12 8 12 7 12 10 11 6 6 9 12 8 11 11 11 12 10 11 6 9 7 10 10 10 9 15 15 8 12 9 7 10 20 12 6 10 9 11 9 7 13 9 16 12 8 7 8 10 7 9 4 10 13 7 10 6 14 9 8 14 6 12 5 7 10 13 12 9 8 10 12 11 9 10 5 9 14 10 11 6 12 9 2 16 12 13 5 5 14 9 13 17 15 
14 14 6 10 7 10 14 12 8 12 8 11 10 11 6 6 9 12 8 11 11 11 12 10 11 6 9 7 10 10 10 9 15 15 8 12 9 7 10 20 12 6 10 9 11 9 7 13 9 16 12 8 7 8 10 7 9 4 10 13 7 10 6 14 9 8 14 5 13 5 7 10 13 12 9 8 10 12 11 9 9 6 9 14 10 11 6 12 9 2 16 12 13 5 5 14 9 13 17 15 
14 14 6 10 7 10 14 12 8 12 8 11 10 11 6 6 9 12 8 11 11 11 13 9 11 6 9 7 10 10 10 9 15 15 8 12 9 7 10 20 12 6 10 9 11 9 7 13 9 16 12 8 7 8 10 7 9 4 10 13 7 10 6 14 9 8 14 5 13 5 7 10 13 12 9 8 9 13 11 9 9 6 9 14 10 11 5 13 9 2 16 12 13 5 5 14 9 13 17 15 
14 14 6 10 7 10 14 12 8 12 8 11 10 11 6 6 9 12 8 11 11 11 13 9 11 6 9 7 10 10 10 9 15 15 8 12 9 7 11 19 12 6 10 9 11 9 7 13 9 16 12 8 7 8 10 7 9 4 10 13 7 10 6 14 9 8 14 5 13 5 7 10 13 12 9 8 9 13 11 9 9 6 9 14 10 11 5 13 9 2 16 12 13 5 5 14 8 14 17 15 
14 14 6 10 7 10 14 12 8 12 8 11 10 11 6 6 9 12 8 11 11 11 13 9 11 6 9 7 10 10 10 9 15 15 8 12 9 7 11 19 12 6 10 9 11 9 7 13 9 16 12 8 7 8 10 7 9 4 10 13 7 10 6 14 9 8 14 5 13 5 7 10 12 12 10 8 9 13 11 9 9 6 9 14 10 11 5 13 9 2 16 12 13 5 5 14 8 14 16 16 
14 14 6 10 7 10 14 12 8 12 8 11 10 11 6 6 9 12 8 11 11 11 13 9 11 6 9 7 10 10 10 9 15 15 8 12 9 7 11 19 12 6 10 9 11 9 7 13 9 16 12 8 7 8 10 7 9 4 10 13 7 10 6 14 9 8 14 5 13 5 7 10 12 12 10 8 9 13 11 9 9 6 9 14 10 11 5 13 9 2 16 12 13 5 5 14 8 14 16 16 
14 14 6 10 7 10 14 12 8 12 8 11 10 11 6 6 9 12 8 11 11 11 13 9 11 6 9 7 10 10 10 9 15 15 8 12 9 7 11 19 12 6 10 9 11 9 7 13 9 16 12 8 7 8 10 7 9 4 10 13 7 10 6 14 9 8 14 5 13 5 7 10 12 12 10 8 9 13 11 9 9 6 9 14 10 11 5 13 9 2 16 12 13 5 5 14 8 13 17 16 
14 14 6 10 7 10 14 12 8 12 8 11 10 11 6 6 9 12 8 11 11 11 13 9 11 6 9 7 11 9 10 9 15 15 8 12 9 7 11 19 12 6 10 9 11 9 7 13 9 16 12 8 7 8 10 7 9 4 10 12 8 10 6 14 9 8 14 5 13 5 7 10 12 12 10 8 9 13 11 9 9 6 9 14 10 11 5 13 9 2 16 12 13 5 5 14 8 13 17 16 
14 14 6 10 8 9 14 12 8 13 7 11 11 10 6 6 9 12 8 11 11 11 13 9 11 6 9 7 11 9 10 9 15 15 8 12 9 7 11 19 12 6 10 9 11 9 7 13 9 16 12 8 7 8 10 7 9 4 10 12 8 10 6 14 9 8 14 5 13 5 7 10 12 12 10 8 9 13 11 9 9 6 9 14 10 11 5 13 9 2 16 11 14 5 5 14 8 13 16 17 
14 14 6 10 8 9 14 12 8 13 7 11 11 10 6 6 9 12 8 11 11 11 13 9 11 6 9 7 11 9 10 9 15 15 8 12 9 7 11 19 12 6 10 9 11 9 7 13 9 16 12 8 7 8 10 7 9 4 10 12 8 10 6 14 9 8 14 5 12 6 7 10 12 12 10 8 9 12 12 9 9 6 9 14 10 11 5 13 9 2 16 11 14 5 5 14 8 13 16 17 
14 14 6 10 8 9 14 12 8 13 7 11 11 10 6 6 9 12 8 11 11 11 13 9 11 6 9 7 11 9 10 9 15 15 8 12 9 7 11 19 12 6 10 9 11 9 7 13 9 16 12 8 7 8 10 7 9 4 10 12 8 10 6 14 9 8 14 5 12 6 7 10 12 12 10 8 9 12 12 9 9 6 9 14 10 11 5 13 9 2 16 11 14 5 5 14 8 13 16 17 
14 14 6 10 8 9 14 12 8 13 7 11 11 10 6 6 9 12 8 11 11 11 13 9 11 6 9 7 11 9 10 9 15 15 8 12 9 7 11 19 12 6 10 9 11 9 7 13 9 16 12 8 7 8 10 7 9 4 10 12 8 10 6 14 9 8 14 5 12 6 7 10 12 12 9 9 9 12 12 9 9 6 9 14 10 11 5 13 9 2 16 11 14 5 5 14 8 13 16 17 
14 14 6 10 8 9 14 12 8 13 7 11 11 10 6 6 9 12 8 11 11 12 12 9 11 6 9 7 11 9 10 9 15 15 8 12 9 7 11 19 12 6 10 9 11 9 7 13 9 16 12 8 7 8 10 7 9 4 10 12 8 10 6 14 9 8 14 5 12 6 7 10 12 12 9 9 9 12 12 9 9 6 9 13 11 11 5 13 9 2 16 10 15 5 5 14 8 13 16 17 
14 14 6 10 8 9 14 12 8 13 7 11 11 10 6 6 9 12 8 11 11 13 11 9 11 6 9 7 11 9 10 9 15 15 8 12 9 7 11 19 12 6 10 9 11 9 7 13 9 16 12 8 7 8 10 7 9 4 10 12 8 10 6 14 9 8 14 5 12 6 7 10 12 12 9 9 9 12 12 9 9 6 9 13 11 11 5 13 9 2 16 10 15 5 5 14 8 13 16 17 
14 14 6 10 8 9 14 12 8 13 7 11 11 10 6 6 9 12 8 11 11 13 11 9 11 6 9 7 11 9 10 9 15 15 8 12 9 7 11 19 12 6 10 9 11 9 7 13 9 16 12 8 7 8 10 7 9 4 10 12 8 10 6 14 9 8 14 5 12 6 7 10 12 12 9 9 9 12 12 9 9 6 9 13 11 11 5 13 9 2 15 11 15 5 5 14 8 13 16 17 
14 14 6 10 8 9 14 12 8 13 7 11 11 10 6 6 9 12 8 11 11 13 11 9 11 6 9 7 11 9 10 9 15 15 8 12 9 7 11 19 12 6 10 9 11 9 7 13 9 16 12 8 7 8 10 7 9 4 10 12 8 10 6 14 9 8 14 5 12 6 7 10 12 12 9 9 9 12 12 9 9 6 9 13 11 11 5 13 9 2 15 11 15 5 5 14 8 13 16 17 
14 14 6 10 8 9 14 12 8 13 7 11 11 10 6 6 9 12 8 11 11 13 11 9 11 6 9 7 11 9 10 9 15 15 8 12 9 7 11 19 12 6 10 9 11 9 7 13 9 16 12 8 7 8 10 7 9 4 10 12 8 10 6 14 9 8 14 5 12 6 7 10 12 12 9 9 9 11 13 9 9 6 9 13 11 11 5 13 9 2 15 11 15 5 5 14 8 13 16 17 
14 14 6 10 8 9 14 12 8 13 7 11 11 10 6 6 10 11 8 11 11 13 11 9 11 6 9 7 11 9 10 9 15 15 8 12 9 7 11 19 12 6 10 9 11 9 7 13 9 16 12 8 7 8 10 7 9 4 10 12 8 10 6 14 9 8 14 5 12 6 7 10 12 12 9 9 9 11 13 9 9 6 9 13 10 12 5 13 9 2 15 11 15 5 5 14 8 13 16 17 
14 14 6 10 8 9 14 12 8 13 7 11 11 10 6 6 10 11 8 11 11 13 11 9 11 6 9 7 11 9 10 9 15 15 8 12 9 7 11 19 12 6 10 9 11 9 7 13 9 16 12 8 7 8 10 7 9 4 10 12 8 10 6 14 9 8 14 5 12 6 7 10 12 12 9 9 9 11 13 9 9 6 9 13 10 12 5 12 10 2 15 10 16 5 5 14 8 13 16 17 
14 14 6 10 8 9 14 12 8 13 7 11 13 8 6 6 10 11 8 11 11 13 11 9 11 6 9 7 11 9 10 9 15 15 8 12 9 7 11 19 12 6 10 9 11 9 7 13 9 16 12 8 7 8 10 7 9 4 10 12 8 10 6 14 9 8 14 5 12 6 7 10 12 12 9 9 9 11 13 9 9 6 9 13 10 12 5 12 10 2 15 10 16 5 5 14 8 13 16 17 
14 14 6 10 8 9 14 12 8 13 7 11 13 8 6 6 10 11 8 11 11 13 11 9 11 6 9 7 11 9 10 9 15 15 8 12 9 7 11 19 12 6 10 9 11 9 7 13 9 16 12 8 7 8 10 7 9 4 10 12 8 10 6 14 9 8 13 6 12 6 7 10 12 12 9 9 9 11 13 9 9 6 9 13 10 12 5 12 10 2 15 10 16 5 5 14 8 13 16 17 
14 14 6 10 8 9 14 12 8 13 7 11 13 8 6 6 10 11 8 11 11 13 11 9 11 6 9 7 11 9 10 9 15 15 8 12 9 7 11 19 12 6 10 9 11 9 7 13 9 16 12 8 7 8 10 7 9 4 10 12 8 10 6 14 9 8 13 6 12 6 7 10 12 12 9 9 9 11 13 9 9 6 9 13 9 13 5 12 10 2 15 10 16 5 5 14 8 13 15 18 
14 14 6 11 7 9 14 12 8 13 7 11 13 8 7 5 10 11 8 11 12 12 11 9 11 6 9 7 11 9 10 9 15 15 8 12 9 7 11 19 12 6 10 9 11 9 7 13 9 16 12 8 7 8 10 7 9 4 10 12 8 10 6 14 9 8 13 6 12 6 6 11 12 12 9 9 9 11 13 9 9 6 9 13 9 13 5 12 10 2 15 10 16 5 5 14 8 13 15 18 
14 14 6 11 7 9 14 12 8 13 7 11 13 8 7 5 10 11 8 12 11 12 11 9 11 6 9 7 11 9 10 9 15 15 8 12 9 7 11 19 12 6 10 9 11 9 7 13 9 16 12 8 7 8 10 7 9 4 10 12 8 10 6 13 10 8 13 6 12 6 6 11 12 12 9 9 9 11 13 9 9 6 9 13 9 13 5 12 10 2 15 10 16 5 4 15 8 13 15 18 
14 14 6 11 8 8 14 12 8 13 8 10 13 8 7 5 10 11 8 12 11 12 11 9 11 6 9 7 12 8 10 9 15 15 8 12 9 7 11 19 12 6 10 9 11 9 7 13 9 16 12 8 7 8 10 7 9 4 10 12 8 10 6 13 10 8 13 6 12 6 6 11 12 12 9 9 9 11 13 9 9 6 9 13 9 13 5 12 10 2 15 10 16 5 4 15 8 13 15 18 
