8 9 7 5 1 7 5 6 3 9 
8.00029 9.00038 7.00019 5 0.999626 7.00019 5 6.0001 2.99982 9.00038 
8.00087 9.00115 7.00058 5.00001 0.998869 7.00058 5.00001 6.0003 2.99944 9.00115 
8.00173 9.0023 7.00116 5.00003 0.997728 7.00116 5.00003 6.0006 2.99886 9.0023 
8.00289 9.00384 7.00194 5.00005 0.996203 7.00194 5.00005 6.00099 2.9981 9.00384 
8.00433 9.00575 7.00291 5.00007 0.994295 7.00291 5.00007 6.00149 2.99714 9.00575 
8.00607 9.00805 7.00408 5.0001 0.992004 7.00408 5.0001 6.00209 2.99598 9.00805 
8.00809 9.01074 7.00544 5.00013 0.989329 7.00544 5.00013 6.00278 2.99463 9.01074 
8.0104 9.01381 7.00699 5.00017 0.98627 7.00699 5.00017 6.00358 2.99309 9.01381 
8.013 9.01726 7.00874 5.00022 0.982829 7.00874 5.00022 6.00448 2.99135 9.01726 
8.01589 9.02109 7.01068 5.00026 0.979003 7.01068 5.00026 6.00547 2.98942 9.02109 
8.01906 9.02531 7.01281 5.00032 0.974794 7.01281 5.00032 6.00656 2.98729 9.02531 
8.02253 9.02991 7.01514 5.00037 0.970202 7.01514 5.00037 6.00776 2.98497 9.02991 
8.02628 9.0349 7.01767 5.00044 0.965226 7.01767 5.00044 6.00905 2.98246 9.0349 
8.03033 9.04027 7.02038 5.0005 0.959867 7.02038 5.0005 6.01044 2.97975 9.04027 
8.03466 9.04602 7.0233 5.00057 0.954124 7.0233 5.00057 6.01194 2.97685 9.04602 
8.03928 9.05216 7.0264 5.00065 0.947998 7.0264 5.00065 6.01353 2.97375 9.05216 
8.04419 9.05867 7.0297 5.00073 0.941488 7.0297 5.00073 6.01522 2.97046 9.05867 
8.04939 9.06558 7.0332 5.00082 0.934595 7.0332 5.00082 6.01701 2.96697 9.06558 
8.05487 9.07286 7.03689 5.00091 0.927318 7.03689 5.00091 6.0189 2.9633 9.07286 
8.06065 9.08053 7.04077 5.001 0.919658 7.04077 5.001 6.02089 2.95942 9.08053 
8.06672 9.08859 7.04485 5.0011 0.911615 7.04485 5.0011 6.02297 2.95536 9.08859 
8.07307 9.09702 7.04912 5.00121 0.903188 7.04912 5.00121 6.02516 2.95109 9.09702 
8.07971 9.10584 7.05358 5.00132 0.894378 7.05358 5.00132 6.02745 2.94664 9.10584 
8.08664 9.11505 7.05824 5.00143 0.885175 7.05824 5.00143 6.02984 2.94199 9.11505 
8.09386 9.12466 7.06309 5.00155 0.875578 7.06309 5.00155 6.03232 2.93715 9.12466 
8.10137 9.13466 7.06814 5.00168 0.865589 7.06814 5.00168 6.03491 2.93211 9.13466 
8.10918 9.14505 7.07338 5.00181 0.855207 7.07338 5.00181 6.03759 2.92688 9.14505 
8.11728 9.15584 7.07882 5.00194 0.844432 7.07882 5.00194 6.04038 2.92145 9.15584 
8.12569 9.16701 7.08445 5.00208 0.833264 7.08445 5.00208 6.04326 2.91583 9.16701 
8.13439 9.17858 7.09027 5.00222 0.821704 7.09027 5.00222 6.04625 2.91002 9.17858 
8.14339 9.19055 7.09629 5.00237 0.80975 7.09629 5.00237 6.04933 2.90401 9.19055 
8.15269 9.2029 7.1025 5.00252 0.797403 7.1025 5.00252 6.05251 2.89781 9.2029 
8.16228 9.21566 7.10891 5.00268 0.784654 7.10891 5.00268 6.05579 2.8914 9.21566 
8.17218 9.22882 7.11553 5.00284 0.771503 7.11553 5.00284 6.05917 2.88479 9.22882 
8.18237 9.24239 7.12235 5.00301 0.757949 7.12235 5.00301 6.06265 2.87798 9.24239 
8.19286 9.25635 7.12938 5.00318 0.743993 7.12938 5.00318 6.06623 2.87096 9.25635 
8.20365 9.27072 7.13661 5.00336 0.729634 7.13661 5.00336 6.06991 2.86374 9.27072 
8.21475 9.28549 7.14404 5.00354 0.714873 7.14404 5.00354 6.07369 2.85632 9.28549 
8.22615 9.30066 7.15168 5.00373 0.69971 7.15168 5.00373 6.07757 2.84869 9.30066 
8.23787 9.31625 7.15952 5.00392 0.684134 7.15952 5.00392 6.08155 2.84086 9.31625 
8.24989 9.33224 7.16756 5.00412 0.668147 7.16756 5.00412 6.08563 2.83283 9.33224 
8.26221 9.34865 7.17581 5.00432 0.651748 7.17581 5.00432 6.0898 2.82459 9.34865 
8.27485 9.36547 7.18426 5.00452 0.634937 7.18426 5.00452 6.09408 2.81615 9.36547 
8.28779 9.38271 7.19292 5.00473 0.617714 7.19292 5.00473 6.09845 2.8075 9.38271 
8.30104 9.40035 7.20177 5.00495 0.60008 7.20177 5.00495 6.10293 2.79866 9.40035 
8.31461 9.41842 7.21085 5.00517 0.582033 7.21085 5.00517 6.10751 2.78959 9.41842 
8.3285 9.4369 7.22013 5.00539 0.563566 7.22013 5.00539 6.1122 2.78032 9.4369 
8.3427 9.45581 7.22963 5.00562 0.544676 7.22963 5.00562 6.117 2.77083 9.45581 
8.35722 9.47514 7.23934 5.00586 0.525366 7.23934 5.00586 6.12191 2.76113 9.47514 
8.37206 9.49489 7.24926 5.0061 0.505634 7.24926 5.0061 6.12693 2.75122 9.49489 
8.38721 9.51506 7.2594 5.00634 0.485481 7.2594 5.00634 6.13206 2.74109 9.51506 
8.40268 9.53567 7.26975 5.00659 0.464897 7.26975 5.00659 6.1373 2.73075 9.53567 
8.41848 9.5567 7.28031 5.00684 0.443883 7.28031 5.00684 6.14264 2.7202 9.5567 
8.4346 9.57816 7.29108 5.0071 0.422437 7.29108 5.0071 6.1481 2.70943 9.57816 
8.45106 9.60006 7.30207 5.00736 0.400561 7.30207 5.00736 6.15366 2.69845 9.60006 
8.46783 9.6224 7.31328 5.00763 0.378254 7.31328 5.00763 6.15933 2.68725 9.6224 
8.48494 9.64517 7.32472 5.0079 0.355507 7.32472 5.0079 6.16511 2.67583 9.64517 
8.50237 9.66839 7.33637 5.00818 0.332319 7.33637 5.00818 6.171 2.66418 9.66839 
8.52014 9.69204 7.34825 5.00846 0.308692 7.34825 5.00846 6.177 2.65231 9.69204 
8.53824 9.71614 7.36035 5.00875 0.284624 7.36035 5.00875 6.18311 2.64022 9.71614 
8.55668 9.74069 7.37267 5.00904 0.260106 7.37267 5.00904 6.18933 2.62791 9.74069 
8.57546 9.76568 7.38522 5.00934 0.235139 7.38522 5.00934 6.19565 2.61537 9.76568 
8.59457 9.79113 7.39799 5.00964 0.209721 7.39799 5.00964 6.20209 2.60261 9.79113 
8.61402 9.81703 7.41098 5.00994 0.183854 7.41098 5.00994 6.20864 2.58963 9.81703 
8.63381 9.84338 7.4242 5.01025 0.157528 7.4242 5.01025 6.21531 2.57642 9.84338 
8.65395 9.87019 7.43766 5.01057 0.130743 7.43766 5.01057 6.2221 2.56297 9.87019 
8.67443 9.89747 7.45134 5.01089 0.103498 7.45134 5.01089 6.22901 2.5493 9.89747 
8.69526 9.9252 7.46526 5.01121 0.0757948 7.46526 5.01121 6.23603 2.53539 9.9252 
8.71644 9.9534 7.47941 5.01154 0.0476224 7.47941 5.01154 6.24318 2.52125 9.9534 
8.73797 9.98207 7.49379 5.01188 0.0189814 7.49379 5.01188 6.25044 2.50687 9.98207 
8.75986 0.0112084 7.50841 5.01222 9.98987 7.50841 5.01222 6.25782 2.49227 0.0112084 
8.7821 0.039878 7.52327 5.01256 9.96123 7.52327 5.01256 6.26532 2.47742 0.039878 
8.80469 0.0680791 7.53836 5.01291 9.93306 7.53836 5.01291 6.27294 2.46233 0.0680791 
8.82765 0.0958114 7.5537 5.01326 9.90535 7.5537 5.01326 6.28068 2.44701 0.0958114 
8.85098 0.123075 7.56928 5.01362 9.87812 7.56928 5.01362 6.28853 2.43143 0.123075 
8.87467 0.14988 7.5851 5.01399 9.85134 7.5851 5.01399 6.2965 2.41562 0.14988 
8.89872 0.176225 7.60117 5.01435 9.82503 7.60117 5.01435 6.30459 2.39957 0.176225 
8.92314 0.202111 7.61748 5.01473 9.79917 7.61748 5.01473 6.31281 2.38326 0.202111 
8.94793 0.227547 7.63405 5.0151 9.77376 7.63405 5.0151 6.32116 2.36671 0.227547 
8.9731 0.252534 7.65086 5.01549 9.7488 7.65086 5.01549 6.32964 2.3499 0.252534 
8.99864 0.277071 7.66793 5.01587 9.7243 7.66793 5.01587 6.33824 2.33285 0.277071 
9.02456 0.301158 7.68525 5.01626 9.70024 7.68525 5.01626 6.34697 2.31554 0.301158 
9.05085 0.324805 7.70282 5.01666 9.67663 7.70282 5.01666 6.35583 2.29798 0.324805 
9.07754 0.348012 7.72064 5.01706 9.65346 7.72064 5.01706 6.36481 2.28016 0.348012 
9.1046 0.370778 7.73873 5.01747 9.63073 7.73873 5.01747 6.37393 2.26208 0.370778 
9.13206 0.393104 7.75708 5.01788 9.60844 7.75708 5.01788 6.38317 2.24374 0.393104 
9.15991 0.41499 7.77569 5.01829 9.5866 7.77569 5.01829 6.39254 2.22514 0.41499 
9.18815 0.436445 7.79456 5.01871 9.56518 7.79456 5.01871 6.40204 2.20628 0.436445 
9.21679 0.457469 7.81369 5.01914 9.54419 7.81369 5.01914 6.41167 2.18716 0.457469 
9.24583 0.478063 7.8331 5.01957 9.52364 7.8331 5.01957 6.42144 2.16776 0.478063 
9.27527 0.498226 7.85277 5.02 9.50351 7.85277 5.02 6.43135 2.1481 0.498226 
9.30511 0.517958 7.87271 5.02044 9.48382 7.87271 5.02044 6.4414 2.12817 0.517958 
9.33537 0.537268 7.89292 5.02089 9.46455 7.89292 5.02089 6.45158 2.10797 0.537268 
9.36604 0.556157 7.9134 5.02134 9.4457 7.9134 5.02134 6.4619 2.0875 0.556157 
9.39712 0.574625 7.93416 5.02179 9.42727 7.93416 5.02179 6.47236 2.06675 0.574625 
9.42861 0.592672 7.95519 5.02225 9.40926 7.95519 5.02225 6.48296 2.04572 0.592672 
9.46052 0.610297 7.97651 5.02271 9.39167 7.97651 5.02271 6.49369 2.02441 0.610297 
9.49285 0.62751 7.99811 5.02318 9.3745 7.99811 5.02318 6.50456 2.00283 0.62751 
9.52561 0.644312 8.01999 5.02365 9.35773 8.01999 5.02365 6.51558 1.98096 0.644312 
9.5588 0.660702 8.04215 5.02413 9.34138 8.04215 5.02413 6.52674 1.9588 0.660702 
